1 2 3 4 5 6 7 8 9 10 11 12 13 14 15 16 17 18 19 20 21 22 23 24 25 26 27 28 29 30 31 32 33 34 35 41 80 105 106 166 200 264 275 296 314 320 373 442 456 510 512 620 634 648 656 663 673 680 684 696 726 728 738 765 782 843 876 877 975 978 
3 21 36 37 38 39 40 41 42 43 44 45 46 47 48 49 50 51 52 53 54 55 56 57 58 59 60 61 62 63 64 65 66 67 68 69 70 71 72 73 74 75 76 77 78 79 80 81 82 83 84 85 86 94 99 125 152 154 200 215 222 232 248 274 306 323 344 423 441 448 472 492 499 517 526 531 551 570 601 721 728 750 751 763 771 773 798 815 824 836 869 906 918 935 958 997 
37 87 88 89 90 91 92 93 94 95 96 97 98 99 100 101 102 103 104 105 106 107 108 109 110 111 112 113 114 115 116 117 118 119 120 143 144 205 213 250 313 395 402 413 415 426 447 455 545 548 563 571 618 625 648 692 735 758 806 816 830 864 881 894 937 972 983 992 
10 14 29 35 51 118 121 122 123 124 125 126 127 128 129 130 131 132 133 134 135 136 137 138 139 140 141 142 143 144 145 146 147 148 149 150 151 152 153 154 155 156 157 158 159 160 168 209 218 220 232 269 328 346 355 364 371 446 461 503 514 526 530 537 540 577 631 661 665 768 783 784 809 834 856 929 944 969 
1 25 36 52 86 90 114 161 162 163 164 165 166 167 168 169 170 171 172 173 174 175 176 177 178 179 180 181 182 183 184 185 186 188 202 383 423 430 449 452 458 513 530 543 598 610 618 646 677 704 708 720 780 789 822 827 832 838 900 917 936 939 964 974 
6 64 89 99 128 149 155 168 183 187 188 189 190 191 192 193 194 195 196 197 198 199 200 201 202 203 204 205 206 207 208 209 210 211 212 213 214 215 216 217 218 219 220 221 222 223 224 225 226 227 228 229 230 231 232 250 255 299 359 366 374 399 428 450 466 482 515 519 525 536 547 567 638 666 696 782 831 845 888 908 938 941 995 
15 31 34 79 86 120 126 153 180 184 185 233 234 235 236 237 238 239 240 241 242 243 244 245 246 247 248 249 250 251 252 253 254 255 256 257 258 259 260 261 262 263 264 265 266 267 268 269 270 271 272 273 280 289 301 307 421 492 502 508 607 668 736 743 749 761 774 803 829 883 945 962 978 1000 
60 80 144 148 155 202 253 274 275 276 277 278 279 280 281 282 283 284 285 286 287 288 289 290 291 292 293 294 295 296 297 298 299 300 301 302 303 304 305 306 307 308 309 310 311 312 313 314 315 316 317 318 319 320 321 332 334 377 416 501 502 520 570 583 594 608 643 666 694 715 720 725 781 793 882 891 938 939 
72 98 109 159 259 322 323 324 325 326 327 328 329 330 331 332 333 334 335 336 337 338 339 340 341 342 343 344 345 346 347 348 349 350 351 352 353 354 355 356 357 373 434 455 461 495 513 518 580 605 686 791 807 827 892 926 932 
3 6 16 25 28 41 51 53 95 127 151 171 215 228 245 275 318 320 325 341 358 359 360 361 362 363 364 365 366 367 368 369 370 371 372 373 374 375 376 377 378 379 380 381 382 383 384 385 386 387 388 389 390 391 392 393 394 395 400 445 479 489 494 506 510 560 585 602 640 641 706 717 754 783 822 825 839 902 913 966 982 985 
5 46 59 161 165 208 222 227 254 298 305 333 364 372 390 395 396 397 398 399 400 401 402 403 404 405 406 407 408 409 410 411 412 413 414 415 416 417 418 419 420 421 422 423 424 425 426 427 428 429 430 431 432 433 434 435 436 443 471 496 497 526 529 563 584 596 606 624 645 654 655 668 675 697 738 767 772 781 817 829 849 858 870 895 927 934 944 
9 19 46 58 65 67 95 145 158 166 192 220 268 277 298 332 334 346 376 382 392 424 425 429 437 438 439 440 441 442 443 444 445 446 447 448 449 450 451 452 453 454 455 456 457 458 459 460 461 462 463 464 465 466 467 468 469 470 471 472 473 474 475 476 477 478 479 480 499 543 561 613 650 676 679 710 723 739 751 762 770 777 803 902 920 929 960 
12 46 81 123 178 184 205 214 231 354 355 366 370 371 393 394 399 417 426 429 438 481 482 483 484 485 486 487 488 489 490 491 492 493 494 495 496 497 498 499 500 501 502 503 504 505 506 513 537 543 670 672 768 781 816 862 874 904 940 991 
22 67 104 119 128 135 168 176 187 211 248 275 284 288 293 367 368 477 479 507 508 509 510 511 512 513 514 515 516 517 518 519 520 521 522 523 524 525 526 527 528 529 530 531 532 533 534 535 536 537 538 539 540 541 542 543 544 555 568 616 619 626 644 687 716 739 802 894 947 979 987 
201 244 299 332 339 345 353 358 413 415 419 480 535 537 545 546 547 548 549 550 551 552 553 554 555 556 557 558 559 560 561 562 563 564 565 566 567 568 569 570 571 572 573 650 652 653 661 698 723 754 810 898 
9 24 31 46 55 63 116 120 131 169 177 205 233 255 282 295 321 350 351 380 403 469 483 514 520 574 575 576 577 578 579 580 581 582 583 584 585 586 587 588 589 590 591 592 593 594 595 596 597 598 599 600 601 602 603 604 605 606 649 687 688 714 737 753 766 808 875 877 903 907 930 956 974 980 999 
34 90 107 118 119 147 156 210 211 238 262 287 291 298 303 437 446 475 477 480 532 598 604 607 608 609 610 611 612 613 614 615 616 617 618 619 620 621 622 623 624 625 626 627 628 629 630 631 632 633 634 635 636 637 638 639 640 641 642 670 750 811 842 879 903 906 915 922 952 977 
11 47 71 103 173 190 212 247 260 261 265 267 276 288 290 295 311 317 427 431 435 517 524 534 539 547 551 555 643 644 645 646 647 648 649 650 651 652 653 654 655 656 657 658 659 660 661 662 663 664 665 666 667 668 669 670 671 672 673 674 675 676 677 678 679 680 681 682 794 840 850 931 936 940 951 975 991 
12 63 83 134 165 185 196 226 238 239 288 292 300 393 449 490 516 560 576 597 606 633 644 667 683 684 685 686 687 688 689 690 691 692 693 694 695 696 697 698 699 700 701 702 703 704 705 706 707 708 709 710 711 712 713 714 793 831 853 862 878 914 917 918 953 975 977 983 
65 72 92 119 136 162 178 199 245 246 254 264 319 341 387 468 489 507 546 560 599 612 617 643 658 691 709 715 716 717 718 719 720 721 722 723 724 725 726 727 728 729 730 731 732 733 734 735 736 737 738 739 740 741 742 743 744 745 746 747 748 749 750 751 752 753 754 755 758 776 780 809 860 896 904 906 954 978 988 994 
25 54 56 64 75 97 101 176 186 190 198 203 216 224 278 283 294 349 408 453 460 503 576 613 659 667 673 696 756 757 758 759 760 761 762 763 764 765 766 767 768 769 770 771 772 773 774 775 776 777 778 779 780 781 782 783 784 785 786 810 811 824 847 852 853 885 962 
2 3 19 20 36 70 91 93 104 115 117 118 179 180 193 199 218 219 227 246 250 258 310 317 397 418 450 471 484 487 497 505 527 596 628 651 703 706 720 721 723 733 763 787 788 789 790 791 792 793 794 795 796 797 798 799 800 801 802 803 804 805 806 807 808 809 810 811 812 813 814 815 816 817 818 819 820 821 822 823 824 825 826 827 828 861 866 882 906 933 944 958 
28 29 32 39 50 65 118 127 144 170 197 258 283 311 348 395 420 432 503 507 511 529 581 607 625 649 652 713 814 829 830 831 832 833 834 835 836 837 838 839 840 841 842 843 844 845 846 847 848 849 850 851 852 853 854 914 961 988 
18 59 96 150 181 266 382 392 485 491 496 502 504 526 547 555 616 626 642 716 718 737 813 835 843 855 856 857 858 859 860 861 862 863 864 865 866 867 868 869 870 871 872 873 874 875 876 877 878 879 880 881 882 883 884 885 886 887 888 889 890 891 892 893 894 895 896 897 898 941 980 1000 
1 8 13 22 26 85 140 154 156 164 169 197 221 251 310 472 493 572 611 619 665 749 764 787 798 840 844 897 898 899 900 901 902 903 904 905 906 907 908 909 910 911 912 913 914 915 916 917 918 919 920 921 922 923 924 925 926 927 928 929 930 931 941 961 
5 49 90 112 156 222 238 241 246 278 287 309 329 351 388 451 478 490 524 547 565 585 664 686 778 795 821 874 900 932 933 934 935 936 937 938 939 940 941 942 943 944 945 946 947 948 949 950 951 952 953 954 955 956 957 958 959 960 961 
15 37 88 100 188 306 366 433 464 510 569 575 578 581 588 615 633 638 650 667 722 746 747 758 759 765 772 776 777 779 796 830 850 868 908 915 958 962 963 964 965 966 967 968 969 970 971 972 973 974 975 976 977 978 979 980 981 982 983 984 985 986 987 988 989 990 991 992 993 994 995 996 997 998 999 1000 
