1 3 6 9 11 12 16 17 19 25 28 41 51 53 59 61 70 81 88 95 98 113 118 127 151 162 171 175 176 178 183 187 191 196 200 214 215 219 228 234 236 245 253 275 318 320 325 340 341 358 359 360 361 362 363 364 365 366 367 368 369 370 371 372 373 374 375 376 377 378 379 380 381 382 383 384 385 386 387 388 389 390 391 392 393 394 395 400 401 421 440 445 452 479 489 493 494 495 496 500 501 504 506 510 513 532 533 556 560 585 602 610 617 626 640 641 656 670 691 699 705 706 716 717 728 740 754 758 759 763 765 767 770 783 793 820 822 825 839 857 859 869 895 898 899 902 913 928 930 956 964 965 966 975 979 982 985 987 995 
1 8 9 13 15 19 20 23 31 32 35 37 38 40 44 46 48 55 58 61 63 65 67 70 71 72 73 76 77 79 85 88 94 95 97 106 117 122 125 145 152 158 162 166 168 170 173 174 176 178 186 192 193 206 214 215 220 222 223 230 255 256 263 268 275 277 298 301 304 323 327 332 333 334 335 336 338 339 344 346 351 352 357 364 376 382 383 392 411 417 423 424 425 429 437 438 439 440 441 442 443 444 445 446 447 448 449 450 451 452 453 454 455 456 457 458 459 460 461 462 463 464 465 466 467 468 469 470 471 472 473 474 475 476 477 478 479 480 484 486 490 497 499 504 505 506 512 524 526 533 539 543 545 546 561 570 572 574 575 578 580 581 582 584 585 591 595 605 611 613 617 622 633 634 635 637 644 650 676 679 683 684 685 686 690 694 698 700 707 710 718 723 726 730 739 747 751 757 759 762 763 765 766 770 772 777 784 794 803 805 815 820 832 857 866 869 874 879 893 895 900 902 906 910 912 917 919 920 929 944 960 962 970 975 992 993 996 
2 4 10 13 14 21 22 29 35 43 45 51 52 88 94 105 112 118 121 122 123 124 125 126 127 128 129 130 131 132 133 134 135 136 137 138 139 140 141 142 143 144 145 146 147 148 149 150 151 152 153 154 155 156 157 158 159 160 168 182 190 197 198 209 210 213 218 220 232 251 252 262 263 269 273 276 278 282 293 328 330 346 355 364 371 399 405 406 411 428 436 442 443 446 452 461 466 482 483 484 485 492 503 514 526 530 537 540 543 550 552 557 577 584 599 622 630 631 633 634 650 661 665 667 674 696 722 725 731 732 736 738 743 744 754 768 774 776 783 784 796 809 834 838 850 856 858 859 864 867 878 883 895 903 929 931 940 944 947 969 972 977 997 
3 21 36 37 38 39 40 41 42 43 44 45 46 47 48 49 50 51 52 53 54 55 56 57 58 59 60 61 62 63 64 65 66 67 68 69 70 71 72 73 74 75 76 77 78 79 80 81 82 83 84 85 86 88 94 99 111 152 154 163 181 200 215 232 245 248 251 255 274 306 323 333 344 347 391 412 413 421 432 441 472 487 492 503 517 526 577 586 593 601 697 721 728 740 750 751 755 763 771 773 776 794 798 813 815 824 828 836 841 843 846 847 854 869 897 902 904 905 906 918 921 926 932 935 958 997 
9 24 116 120 131 167 177 205 282 321 338 346 350 380 388 403 469 574 575 576 577 578 579 580 582 583 584 585 586 587 588 589 590 591 592 593 594 595 596 597 598 599 600 601 602 603 604 605 606 687 688 737 753 766 875 877 885 903 907 925 956 963 974 980 992 998 999 
15 28 100 188 433 464 569 578 581 588 591 615 638 746 758 759 765 772 796 850 908 915 958 962 963 964 965 966 967 968 969 970 971 972 973 974 975 976 977 978 979 980 981 982 983 984 985 986 987 988 989 990 991 992 993 994 995 996 997 998 999 1000 
25 54 56 64 97 99 101 176 186 203 216 224 283 294 349 408 419 453 503 554 564 576 581 613 659 673 696 720 729 756 757 758 759 760 761 762 763 764 765 766 767 768 769 770 771 772 773 774 775 776 777 778 779 780 781 782 783 784 785 786 810 811 824 839 847 852 885 926 962 966 968 971 974 990 
28 29 32 36 37 39 48 50 87 88 89 90 91 92 93 94 95 96 97 98 99 100 101 102 103 104 105 106 107 108 109 110 111 112 113 114 115 116 117 118 119 120 126 136 137 141 143 144 170 175 179 197 205 213 240 242 250 256 258 283 306 313 328 348 395 402 405 411 415 420 426 433 437 447 453 455 507 510 511 517 520 541 545 548 552 557 563 581 582 625 629 648 649 650 652 664 685 692 702 713 714 734 735 758 789 793 796 797 806 812 814 822 829 830 831 832 833 834 835 836 837 838 839 840 841 842 843 844 845 846 847 848 849 850 851 852 853 854 856 862 864 866 877 881 914 916 937 939 961 964 968 972 979 980 981 983 988 992 
72 74 93 98 112 118 139 141 238 278 295 310 322 323 324 325 326 327 328 329 330 331 332 333 334 335 336 337 338 339 340 341 342 343 344 345 346 347 348 349 350 351 352 353 354 355 356 357 369 420 422 434 451 455 461 490 495 513 529 541 574 580 605 664 675 686 791 807 827 892 926 932 933 935 937 942 947 949 956 959 960 
90 112 156 161 169 222 238 241 246 278 287 309 329 351 388 440 471 478 547 565 585 614 686 778 821 842 874 900 932 933 934 935 936 937 938 939 940 941 942 943 944 945 946 947 948 949 950 951 952 953 954 955 956 957 958 959 960 961 
868 993 
2 3 19 20 83 91 104 115 179 180 193 199 218 219 250 258 279 280 291 310 317 318 329 397 418 450 471 484 487 497 505 527 561 596 613 631 651 706 720 721 723 731 738 763 787 788 789 790 791 792 793 794 795 796 797 798 799 800 801 802 803 804 805 806 807 808 809 810 811 812 813 814 815 816 817 818 819 820 821 822 823 824 825 826 827 828 861 866 882 906 923 933 955 958 
2 4 15 26 31 34 49 79 86 120 148 153 180 184 185 233 234 235 236 237 238 239 240 241 242 243 244 245 246 247 248 249 250 251 252 253 254 255 256 257 258 259 260 261 262 263 264 265 266 267 268 269 270 271 272 273 280 284 289 307 327 354 421 431 435 438 464 492 498 502 508 524 572 587 603 607 623 658 668 698 703 728 736 740 743 749 761 774 802 803 807 852 883 942 945 962 978 984 999 1000 
5 39 46 59 77 91 93 105 106 139 140 146 157 161 164 165 184 208 212 222 227 254 278 298 305 323 333 364 370 372 390 395 396 397 398 399 400 401 402 403 404 405 406 407 408 409 410 411 412 413 414 415 416 417 418 419 420 421 422 423 424 425 426 427 428 429 430 431 432 433 434 435 436 438 471 479 488 490 491 496 497 501 503 522 526 529 563 569 584 596 606 609 624 625 630 645 646 654 655 667 668 675 697 710 738 767 772 781 788 795 800 817 821 827 829 834 845 849 858 870 895 896 917 927 934 944 959 
6 18 21 36 38 39 40 41 42 44 46 49 50 53 54 56 58 61 64 65 68 70 72 73 75 76 77 80 81 83 85 89 99 125 128 129 154 182 187 188 189 190 193 194 195 196 197 198 199 200 202 204 205 206 207 208 209 210 211 212 214 215 216 217 219 220 221 222 223 224 225 226 227 228 229 230 232 262 299 308 314 359 366 371 374 399 408 417 422 428 448 450 471 491 492 519 531 567 570 586 601 608 638 644 660 669 672 691 696 701 705 711 721 749 772 773 776 795 798 805 812 831 832 839 844 888 899 908 918 928 930 941 944 948 954 962 971 
14 25 27 33 43 46 47 54 56 60 65 80 116 130 144 148 155 169 198 202 217 233 234 238 241 244 248 252 253 260 268 274 275 276 277 278 279 280 281 282 283 284 285 286 287 288 289 290 291 292 293 294 295 296 297 298 299 300 301 302 303 304 305 306 307 308 309 310 311 312 313 314 315 316 317 318 319 320 321 332 334 344 348 352 359 371 375 377 385 394 408 410 416 417 419 420 425 429 433 449 465 482 483 497 499 501 502 509 520 522 539 541 544 551 553 559 561 565 570 571 573 575 583 586 589 590 594 595 600 601 608 618 619 630 632 633 642 643 646 659 660 662 665 666 668 671 680 682 685 688 689 690 692 694 701 703 706 713 715 720 725 735 737 747 765 770 773 780 781 783 793 794 806 826 827 831 833 836 838 841 854 860 868 882 891 894 901 904 922 936 938 939 940 951 952 955 957 961 982 984 985 986 
21 22 67 86 104 119 128 135 165 168 176 177 187 195 203 204 211 220 231 241 248 254 275 284 288 291 293 357 368 392 415 465 479 507 508 509 510 511 512 513 514 515 516 517 518 519 520 521 522 523 524 525 526 527 528 529 530 531 532 533 534 535 536 537 538 539 540 541 542 543 544 555 568 598 616 619 624 626 627 644 677 684 687 716 717 739 740 752 799 802 810 834 839 849 870 894 912 934 947 979 987 
24 30 31 120 124 161 165 169 177 185 213 244 251 255 259 282 321 362 368 403 412 413 415 416 428 483 507 520 527 529 537 564 573 574 575 576 577 578 579 580 581 582 583 584 585 586 587 588 589 590 591 592 593 594 595 596 597 598 599 600 601 602 603 604 605 606 687 689 695 703 714 718 779 808 829 875 877 880 892 903 905 907 930 931 932 956 961 980 993 999 
34 90 104 106 107 111 118 119 120 127 128 147 156 162 164 192 210 211 238 247 248 262 269 275 287 291 298 303 309 372 397 413 437 446 458 473 475 476 477 480 507 525 532 537 543 555 566 582 604 607 608 609 610 611 612 613 614 615 616 617 618 619 620 621 622 623 624 625 626 627 628 629 630 631 632 633 634 635 636 637 638 639 640 641 642 648 670 686 689 716 722 735 750 779 786 797 800 811 823 842 852 868 872 876 879 888 903 913 915 922 923 925 952 957 977 982 986 987 989 
188 401 746 759 830 915 965 966 967 970 972 973 977 978 979 987 988 990 991 
1 2 3 4 5 6 7 8 9 10 11 12 13 14 15 16 17 18 19 20 21 22 23 24 25 26 27 28 29 30 31 32 33 34 35 41 80 166 200 264 296 320 456 491 512 600 620 648 656 663 673 680 684 726 728 782 843 876 913 975 978 
6 26 89 99 105 149 155 187 188 189 190 191 192 193 194 195 196 197 198 199 200 201 202 203 204 205 206 207 208 209 210 212 213 214 215 216 217 218 219 220 221 222 223 224 225 226 227 228 229 230 231 232 250 252 267 272 339 353 389 395 399 430 444 450 466 467 482 487 519 525 536 537 547 567 571 572 590 594 638 652 666 673 681 696 777 782 786 804 845 847 852 888 919 927 938 941 948 995 
11 47 71 84 91 103 117 173 185 190 212 247 260 261 264 265 267 276 288 290 295 311 314 403 427 431 432 435 456 517 521 524 534 539 546 547 551 552 555 567 583 634 643 644 645 646 647 648 649 650 651 652 653 654 655 656 657 658 659 660 661 662 663 664 665 666 667 668 669 670 671 672 673 674 675 676 677 678 679 680 681 682 719 727 733 742 747 785 833 840 914 931 936 951 955 959 991 
1 13 22 26 85 140 156 164 169 197 451 493 532 619 665 749 764 787 798 844 861 897 898 899 900 901 902 903 904 905 906 907 908 909 910 911 912 913 914 915 916 917 918 919 920 921 922 923 924 925 926 927 928 929 930 931 941 
4 9 15 17 22 29 32 171 296 680 844 901 920 
18 42 58 59 96 116 150 181 266 295 382 392 437 476 485 491 496 500 502 504 547 555 577 616 625 636 642 716 718 724 737 797 807 813 820 829 835 843 853 855 856 857 858 859 860 861 862 863 864 865 866 867 868 869 870 871 872 873 874 875 876 877 878 879 880 881 882 883 884 885 886 887 888 889 890 891 892 893 894 895 896 897 898 941 980 991 994 1000 
52 86 174 780 
201 244 299 310 332 339 345 353 358 413 480 535 545 546 547 548 549 550 551 552 553 554 555 556 557 558 559 560 561 562 563 564 565 566 567 568 569 570 571 572 573 625 652 653 661 704 754 810 898 
75 92 119 135 136 162 166 178 182 199 208 240 245 246 249 254 261 264 284 294 319 324 341 387 420 442 460 468 489 493 507 512 546 579 583 599 606 612 617 658 709 715 716 717 718 719 720 721 722 723 724 725 726 727 728 729 730 731 732 733 734 735 736 737 738 739 740 741 742 743 744 745 746 747 748 749 750 751 752 753 754 755 758 776 778 780 788 792 809 836 860 862 896 904 937 945 954 967 981 988 990 994 
12 63 83 103 129 134 165 180 185 196 205 211 224 226 239 288 292 300 350 393 427 449 516 560 576 597 606 633 667 678 683 684 685 686 687 688 689 690 691 692 693 694 695 696 697 698 699 700 701 702 703 704 705 706 707 708 709 710 711 712 713 714 755 793 831 853 878 914 917 918 946 953 975 977 983 
5 808 814 933 935 
12 123 131 184 214 231 340 354 355 366 394 429 438 481 482 483 484 485 486 487 488 489 490 491 492 493 494 495 496 497 498 499 500 501 502 503 504 505 506 670 672 679 698 768 816 862 874 940 991 
36 86 90 114 161 162 163 164 165 166 167 168 169 170 171 172 173 174 175 176 177 178 179 180 181 182 183 184 185 186 188 233 300 317 398 416 423 430 449 452 458 480 482 485 513 530 538 543 557 596 598 610 618 646 659 704 708 720 761 822 832 835 838 840 862 867 884 900 917 920 936 939 948 964 967 
123 360 524 566 667 670 680 764 828 
351 599 
