1 7 8 10 15 17 18 19 22 23 25 26 31 33 35 36 40 48 51 58 66 69 77 81 84 101 102 104 116 126 128 131 132 141 151 154 155 166 168 173 178 183 185 188 192 195 204 207 212 214 221 225 232 236 239 240 241 264 271 281 282 284 288 290 310 321 322 325 330 338 339 340 367 374 377 378 379 380 381 382 383 384 385 386 387 388 389 390 391 392 393 394 395 396 397 398 399 400 401 402 403 404 405 406 407 408 409 410 411 414 425 446 454 459 460 463 468 481 484 496 499 
30 43 55 57 59 86 88 110 122 126 143 165 202 210 215 218 224 231 235 253 282 310 322 324 332 343 350 370 411 415 420 443 444 445 446 447 448 449 450 451 452 453 454 455 456 457 458 459 460 461 462 463 464 465 466 470 472 490 492 499 
16 44 49 67 70 82 84 86 91 111 112 113 114 115 116 117 118 119 120 121 122 123 124 125 126 127 128 129 130 131 132 133 134 135 136 137 138 139 140 141 142 143 144 145 146 147 148 149 150 152 160 174 185 189 200 202 219 221 222 231 244 259 260 270 272 280 284 296 297 306 314 320 347 366 371 379 381 382 386 403 418 424 435 443 452 454 455 456 464 476 480 491 
28 29 37 40 54 57 61 85 102 151 157 168 181 214 220 224 228 232 234 239 240 246 279 287 295 302 313 318 319 320 321 322 323 324 325 326 327 328 329 330 331 332 333 334 335 336 337 338 339 340 341 342 343 356 357 364 365 372 381 390 424 453 456 
1 2 3 4 5 6 7 8 9 10 11 12 13 14 15 16 17 18 19 20 21 22 23 24 25 26 27 28 29 30 31 32 33 34 35 36 37 38 39 40 41 42 43 46 47 48 56 69 76 107 108 110 154 165 180 206 210 216 223 228 234 265 274 283 294 297 309 321 324 327 329 345 372 406 427 429 431 469 482 485 490 
2 34 45 77 78 102 105 107 124 126 127 131 134 140 141 143 145 146 148 158 173 174 181 182 183 184 185 186 187 188 189 190 191 192 193 194 195 196 197 198 199 200 201 202 203 204 205 206 207 208 209 216 217 226 227 229 234 236 238 240 241 249 251 254 258 259 262 265 266 268 272 274 286 287 292 298 310 328 329 341 346 357 360 363 371 391 418 419 421 422 425 445 452 460 470 474 482 483 
3 6 8 17 28 34 37 54 57 78 89 106 120 125 129 145 157 161 164 177 178 184 185 211 229 233 242 254 255 256 258 275 284 289 308 332 344 345 346 347 348 349 350 351 352 353 354 355 356 357 358 359 360 361 362 363 364 365 366 367 368 369 370 371 372 373 374 375 376 385 396 398 403 423 427 441 447 452 453 457 468 469 472 476 480 482 487 488 490 498 
3 41 66 73 77 104 107 113 131 150 152 184 188 208 251 255 258 261 279 289 290 291 292 293 294 295 296 297 298 299 300 301 302 303 304 305 306 307 308 309 310 311 312 313 314 315 316 317 323 326 327 330 331 337 388 412 419 465 493 
4 42 46 79 81 88 142 157 172 193 194 196 213 217 228 231 260 263 264 265 266 267 268 269 270 271 272 273 274 275 276 277 278 279 280 281 282 283 284 285 286 287 288 313 326 328 339 346 348 352 363 364 380 399 416 426 435 436 446 458 463 470 472 492 
5 11 28 30 31 54 73 75 78 121 122 124 126 127 130 135 137 141 143 144 147 149 162 178 185 186 190 205 247 254 256 257 270 333 336 342 367 368 370 372 375 376 378 379 383 387 395 408 412 413 414 415 416 417 418 419 420 421 422 423 424 425 426 427 428 429 430 431 432 433 434 435 436 437 438 439 440 441 442 443 447 450 456 500 
25 211 219 220 228 235 237 
45 50 60 128 156 174 187 203 229 241 242 243 244 245 246 247 248 249 250 251 252 253 254 255 256 257 258 259 260 261 262 267 287 312 315 331 339 342 343 351 355 360 366 385 388 412 425 436 440 460 
210 211 213 217 225 226 232 234 296 
1 2 4 5 7 8 9 10 11 12 13 14 15 18 19 21 22 23 24 25 26 33 36 37 38 40 41 43 76 89 154 212 213 217 223 234 240 293 309 372 406 485 
127 167 187 203 236 242 283 288 327 350 417 
1 10 13 14 18 20 22 29 34 44 45 46 47 48 49 50 51 52 53 54 55 56 57 58 59 60 61 62 63 64 65 66 67 68 69 70 71 95 97 103 108 112 118 132 137 139 146 150 157 159 165 188 195 203 215 219 222 229 231 235 236 237 245 248 252 257 259 261 274 285 296 299 300 308 315 317 322 330 331 342 347 352 384 398 409 414 423 433 447 453 476 491 496 
2 7 11 23 39 40 93 94 104 116 124 138 152 160 174 176 181 184 189 198 199 204 226 282 285 312 337 358 366 383 407 408 426 434 461 463 464 466 467 468 469 470 471 472 473 474 475 476 477 478 479 480 481 482 483 484 485 486 487 488 489 490 491 492 493 494 495 496 497 498 499 500 
5 6 15 27 33 36 37 52 89 93 128 129 151 152 153 154 155 156 157 158 159 160 161 162 163 164 165 166 167 168 169 170 171 172 173 174 175 176 177 178 179 180 189 191 192 199 202 208 210 214 216 225 230 233 248 270 275 296 311 324 325 328 329 332 344 352 355 360 365 379 389 400 404 412 447 458 463 467 472 480 482 492 495 496 
7 8 10 12 16 22 28 32 35 43 48 50 51 52 58 60 61 68 72 73 74 75 76 77 78 79 80 81 82 83 84 85 86 87 88 89 90 91 92 93 94 95 96 97 98 99 100 101 102 103 104 105 106 107 108 109 110 119 127 135 136 142 145 148 149 164 175 176 178 182 191 195 213 215 216 218 222 223 225 226 228 230 237 238 239 243 253 256 257 258 259 263 266 275 276 283 285 289 291 293 298 305 317 323 324 333 340 346 353 358 364 365 369 370 378 384 391 400 401 408 409 420 421 429 435 436 437 438 440 443 451 458 462 477 478 480 484 486 490 491 495 496 497 498 500 
102 111 214 215 216 217 218 219 220 221 222 223 224 225 226 227 229 230 231 232 233 235 236 237 238 239 240 333 334 357 461 469 
