2,1
4,1
5,1
6,1
7,1
8,1
9,1
10,1
12,1
13,1
14,1
15,1
16,1
17,1
18,1
19,1
20,1
21,1
22,1
23,1
24,1
25,1
26,1
27,1
28,1
94,1
123,1
124,1
146,1
154,1
191,1
1,2
3,2
4,2
5,2
6,2
7,2
9,2
11,2
12,2
13,2
15,2
16,2
17,2
18,2
19,2
20,2
21,2
22,2
23,2
25,2
27,2
28,2
154,2
159,2
191,2
1,3
4,3
5,3
6,3
7,3
9,3
11,3
12,3
13,3
14,3
15,3
16,3
17,3
18,3
19,3
21,3
27,3
37,3
123,3
132,3
159,3
200,3
202,3
203,3
205,3
206,3
209,3
213,3
216,3
1,4
2,4
5,4
8,4
9,4
10,4
11,4
12,4
13,4
14,4
16,4
17,4
18,4
19,4
20,4
21,4
22,4
23,4
24,4
26,4
27,4
28,4
99,4
132,4
156,4
1,5
2,5
3,5
4,5
6,5
7,5
8,5
9,5
10,5
11,5
12,5
13,5
14,5
15,5
16,5
17,5
18,5
19,5
20,5
21,5
22,5
23,5
24,5
25,5
26,5
27,5
28,5
123,5
132,5
176,5
191,5
209,5
210,5
1,6
2,6
3,6
4,6
5,6
7,6
8,6
9,6
10,6
11,6
12,6
13,6
14,6
15,6
16,6
17,6
18,6
19,6
20,6
21,6
22,6
23,6
24,6
25,6
26,6
27,6
28,6
132,6
146,6
161,6
176,6
1,7
2,7
3,7
4,7
5,7
6,7
8,7
9,7
10,7
11,7
12,7
13,7
14,7
15,7
16,7
17,7
18,7
19,7
20,7
21,7
22,7
23,7
24,7
25,7
26,7
27,7
28,7
123,7
176,7
191,7
1,8
2,8
4,8
5,8
6,8
7,8
9,8
12,8
14,8
15,8
17,8
18,8
20,8
21,8
22,8
24,8
25,8
26,8
27,8
28,8
32,8
159,8
176,8
205,8
207,8
209,8
1,9
2,9
3,9
4,9
5,9
6,9
7,9
8,9
11,9
12,9
13,9
14,9
15,9
17,9
18,9
19,9
21,9
23,9
24,9
25,9
26,9
27,9
28,9
161,9
242,9
8,10
9,10
15,10
16,10
20,10
21,10
22,10
23,10
25,10
27,10
114,10
115,10
117,10
118,10
119,10
120,10
121,10
123,10
125,10
127,10
128,10
129,10
132,10
135,10
136,10
141,10
142,10
143,10
1,11
2,11
3,11
4,11
5,11
6,11
7,11
8,11
9,11
12,11
13,11
14,11
15,11
16,11
18,11
19,11
20,11
21,11
22,11
23,11
24,11
25,11
27,11
28,11
93,11
123,11
130,11
154,11
159,11
191,11
1,12
2,12
3,12
4,12
5,12
6,12
7,12
8,12
9,12
10,12
11,12
13,12
15,12
16,12
17,12
18,12
19,12
20,12
21,12
23,12
24,12
25,12
26,12
27,12
28,12
154,12
159,12
186,12
209,12
242,12
1,13
2,13
3,13
4,13
6,13
7,13
8,13
9,13
11,13
12,13
14,13
15,13
17,13
18,13
19,13
20,13
21,13
22,13
23,13
24,13
25,13
26,13
27,13
28,13
132,13
191,13
1,14
2,14
3,14
5,14
7,14
10,14
11,14
12,14
13,14
15,14
16,14
17,14
18,14
19,14
21,14
22,14
23,14
24,14
25,14
26,14
27,14
28,14
35,14
154,14
159,14
161,14
174,14
176,14
177,14
180,14
209,14
1,15
2,15
3,15
4,15
5,15
6,15
7,15
8,15
9,15
10,15
11,15
12,15
13,15
14,15
16,15
17,15
18,15
19,15
20,15
21,15
22,15
23,15
24,15
25,15
26,15
27,15
28,15
74,15
149,15
161,15
191,15
1,16
2,16
4,16
5,16
6,16
7,16
9,16
12,16
13,16
14,16
15,16
20,16
21,16
23,16
24,16
25,16
159,16
191,16
200,16
225,16
235,16
244,16
245,16
1,17
3,17
4,17
5,17
6,17
7,17
9,17
11,17
12,17
13,17
16,17
18,17
19,17
20,17
22,17
23,17
25,17
26,17
27,17
28,17
172,17
178,17
180,17
186,17
209,17
242,17
1,18
2,18
4,18
5,18
6,18
7,18
8,18
9,18
10,18
11,18
12,18
13,18
14,18
15,18
16,18
17,18
19,18
20,18
21,18
22,18
23,18
24,18
25,18
26,18
27,18
28,18
123,18
132,18
1,19
2,19
3,19
4,19
5,19
6,19
7,19
8,19
9,19
10,19
11,19
12,19
13,19
14,19
15,19
18,19
20,19
21,19
22,19
23,19
24,19
25,19
26,19
27,19
28,19
132,19
161,19
191,19
209,19
1,20
2,20
3,20
4,20
5,20
6,20
7,20
8,20
10,20
11,20
12,20
13,20
14,20
17,20
18,20
19,20
21,20
23,20
24,20
25,20
26,20
27,20
28,20
132,20
176,20
247,20
1,21
2,21
3,21
4,21
5,21
6,21
7,21
9,21
10,21
11,21
12,21
13,21
14,21
15,21
18,21
19,21
20,21
22,21
23,21
24,21
25,21
26,21
27,21
28,21
146,21
161,21
176,21
1,22
2,22
4,22
5,22
10,22
11,22
12,22
13,22
14,22
15,22
16,22
17,22
18,22
19,22
20,22
21,22
23,22
25,22
26,22
27,22
28,22
90,22
154,22
191,22
209,22
1,23
2,23
3,23
4,23
5,23
6,23
7,23
8,23
9,23
11,23
12,23
13,23
15,23
16,23
17,23
18,23
20,23
21,23
22,23
24,23
25,23
27,23
28,23
39,23
132,23
146,23
159,23
161,23
222,23
1,24
2,24
3,24
4,24
5,24
7,24
8,24
9,24
10,24
11,24
12,24
13,24
18,24
19,24
20,24
21,24
23,24
25,24
26,24
28,24
67,24
94,24
161,24
186,24
1,25
2,25
5,25
6,25
7,25
8,25
9,25
11,25
12,25
13,25
15,25
17,25
18,25
19,25
20,25
21,25
22,25
23,25
24,25
26,25
27,25
28,25
1,26
2,26
5,26
7,26
8,26
9,26
10,26
11,26
12,26
13,26
16,26
17,26
18,26
19,26
20,26
21,26
23,26
24,26
25,26
114,26
118,26
126,26
132,26
140,26
141,26
146,26
242,26
247,26
1,27
2,27
5,27
6,27
7,27
9,27
10,27
11,27
12,27
13,27
14,27
15,27
16,27
17,27
18,27
19,27
20,27
21,27
22,27
23,27
25,27
26,27
28,27
132,27
154,27
191,27
1,28
2,28
3,28
4,28
5,28
6,28
7,28
8,28
9,28
11,28
12,28
13,28
15,28
16,28
17,28
18,28
19,28
20,28
21,28
22,28
23,28
24,28
25,28
26,28
27,28
146,28
159,28
191,28
200,28
242,28
246,28
30,29
31,29
33,29
34,29
36,29
38,29
39,29
41,29
42,29
43,29
44,29
48,29
49,29
50,29
51,29
52,29
58,29
98,29
29,30
31,30
33,30
38,30
39,30
41,30
42,30
43,30
45,30
46,30
47,30
49,30
50,30
51,30
52,30
58,30
63,30
64,30
72,30
76,30
78,30
81,30
194,30
30,31
32,31
37,31
39,31
41,31
44,31
45,31
46,31
47,31
48,31
52,31
53,31
54,31
57,31
58,31
118,31
119,31
126,31
131,31
141,31
142,31
194,31
29,32
33,32
36,32
38,32
40,32
42,32
43,32
45,32
46,32
48,32
49,32
50,32
51,32
52,32
53,32
54,32
55,32
58,32
59,32
155,32
29,33
30,33
31,33
32,33
34,33
35,33
36,33
38,33
40,33
43,33
44,33
47,33
48,33
52,33
53,33
54,33
56,33
58,33
98,33
29,34
30,34
33,34
36,34
38,34
39,34
40,34
41,34
42,34
44,34
46,34
49,34
50,34
51,34
52,34
53,34
55,34
57,34
58,34
98,34
29,35
32,35
33,35
34,35
36,35
39,35
40,35
41,35
42,35
43,35
44,35
45,35
46,35
49,35
50,35
52,35
53,35
55,35
57,35
58,35
155,35
227,35
30,36
32,36
33,36
34,36
35,36
37,36
38,36
39,36
42,36
43,36
45,36
48,36
49,36
50,36
51,36
52,36
53,36
55,36
56,36
57,36
58,36
66,36
34,37
35,37
36,37
38,37
40,37
41,37
43,37
48,37
50,37
52,37
56,37
68,37
72,37
201,37
204,37
205,37
207,37
208,37
211,37
215,37
217,37
220,37
222,37
227,37
239,37
31,38
32,38
34,38
39,38
41,38
43,38
44,38
46,38
47,38
48,38
49,38
50,38
51,38
52,38
53,38
54,38
55,38
57,38
58,38
29,39
30,39
31,39
32,39
33,39
34,39
38,39
41,39
42,39
49,39
50,39
51,39
52,39
53,39
54,39
58,39
76,39
227,39
29,40
33,40
37,40
38,40
39,40
41,40
42,40
43,40
44,40
45,40
48,40
49,40
50,40
53,40
55,40
171,40
172,40
182,40
193,40
29,41
32,41
33,41
34,41
35,41
36,41
38,41
39,41
42,41
43,41
45,41
46,41
48,41
49,41
50,41
51,41
52,41
53,41
55,41
56,41
58,41
66,41
72,41
199,41
227,41
242,41
29,42
30,42
31,42
32,42
33,42
34,42
35,42
37,42
38,42
39,42
41,42
44,42
46,42
47,42
48,42
49,42
50,42
51,42
52,42
53,42
55,42
66,42
98,42
199,42
30,43
32,43
33,43
34,43
35,43
36,43
38,43
39,43
40,43
41,43
44,43
45,43
46,43
48,43
51,43
52,43
53,43
54,43
55,43
57,43
58,43
98,43
100,43
114,43
118,43
125,43
143,43
194,43
34,44
36,44
38,44
39,44
42,44
43,44
45,44
47,44
48,44
49,44
50,44
51,44
52,44
53,44
55,44
57,44
98,44
132,44
140,44
227,44
30,45
31,45
32,45
33,45
34,45
35,45
36,45
38,45
39,45
42,45
43,45
46,45
48,45
49,45
50,45
53,45
54,45
55,45
56,45
57,45
58,45
66,45
115,45
124,45
131,45
142,45
8,46
29,46
33,46
34,46
35,46
38,46
41,46
48,46
49,46
51,46
52,46
53,46
54,46
57,46
58,46
66,46
3,47
29,47
30,47
35,47
37,47
38,47
41,47
43,47
48,47
49,47
51,47
57,47
66,47
168,47
199,47
200,47
202,47
205,47
207,47
214,47
220,47
222,47
30,48
31,48
33,48
35,48
38,48
39,48
41,48
44,48
46,48
47,48
49,48
50,48
51,48
52,48
54,48
55,48
57,48
58,48
61,48
242,48
29,49
31,49
32,49
38,49
39,49
40,49
41,49
42,49
44,49
46,49
48,49
50,49
51,49
52,49
53,49
54,49
55,49
57,49
78,49
98,49
29,50
30,50
31,50
32,50
33,50
34,50
38,50
39,50
40,50
41,50
42,50
43,50
44,50
46,50
48,50
49,50
51,50
52,50
54,50
55,50
56,50
58,50
76,50
29,51
31,51
32,51
33,51
34,51
35,51
36,51
38,51
40,51
41,51
42,51
43,51
44,51
46,51
47,51
48,51
49,51
50,51
53,51
55,51
58,51
98,51
168,51
29,52
30,52
31,52
33,52
34,52
35,52
36,52
38,52
39,52
41,52
43,52
44,52
45,52
46,52
48,52
49,52
50,52
53,52
54,52
55,52
58,52
59,52
66,52
168,52
32,53
33,53
34,53
35,53
36,53
37,53
39,53
41,53
42,53
43,53
45,53
46,53
49,53
50,53
51,53
52,53
54,53
55,53
57,53
58,53
168,53
194,53
33,54
34,54
35,54
36,54
38,54
42,54
43,54
45,54
47,54
48,54
50,54
51,54
66,54
98,54
152,54
158,54
169,54
208,54
29,55
30,55
31,55
32,55
34,55
35,55
36,55
39,55
40,55
41,55
42,55
44,55
45,55
46,55
47,55
49,55
50,55
51,55
52,55
54,55
56,55
57,55
58,55
66,55
29,56
33,56
34,56
36,56
37,56
39,56
41,56
43,56
47,56
52,56
54,56
58,56
115,56
116,56
118,56
120,56
121,56
125,56
127,56
129,56
130,56
133,56
135,56
141,56
172,56
180,56
185,56
217,56
29,57
30,57
31,57
32,57
33,57
34,57
36,57
37,57
39,57
41,57
44,57
45,57
46,57
49,57
50,57
51,57
53,57
54,57
55,57
56,57
58,57
66,57
98,57
194,57
29,58
30,58
31,58
35,58
36,58
37,58
38,58
43,58
45,58
46,58
47,58
48,58
49,58
50,58
51,58
52,58
55,58
56,58
57,58
76,58
98,58
199,58
29,59
60,59
62,59
63,59
64,59
65,59
66,59
67,59
72,59
73,59
74,59
75,59
78,59
80,59
81,59
83,59
108,59
30,60
59,60
61,60
62,60
63,60
64,60
65,60
68,60
69,60
70,60
71,60
72,60
73,60
75,60
78,60
79,60
80,60
81,60
82,60
90,60
106,60
174,60
193,60
219,60
24,61
59,61
60,61
62,61
63,61
66,61
67,61
69,61
70,61
71,61
72,61
74,61
77,61
79,61
80,61
81,61
82,61
83,61
111,61
145,61
149,61
154,61
192,61
60,62
65,62
66,62
67,62
69,62
70,62
71,62
72,62
73,62
75,62
81,62
87,62
89,62
91,62
92,62
95,62
99,62
101,62
104,62
105,62
106,62
108,62
111,62
187,62
237,62
245,62
248,62
59,63
60,63
65,63
67,63
69,63
70,63
71,63
72,63
73,63
74,63
75,63
76,63
77,63
78,63
79,63
80,63
81,63
174,63
187,63
219,63
16,64
24,64
62,64
65,64
67,64
69,64
70,64
73,64
74,64
75,64
78,64
82,64
145,64
223,64
224,64
226,64
233,64
235,64
242,64
243,64
59,65
60,65
61,65
62,65
63,65
64,65
67,65
68,65
69,65
70,65
71,65
72,65
73,65
74,65
75,65
76,65
77,65
79,65
80,65
81,65
108,65
145,65
219,65
33,66
41,66
45,66
49,66
55,66
56,66
59,66
61,66
64,66
65,66
67,66
68,66
69,66
70,66
73,66
74,66
75,66
76,66
79,66
81,66
82,66
145,66
63,67
66,67
69,67
70,67
71,67
73,67
75,67
76,67
78,67
80,67
81,67
82,67
89,67
90,67
92,67
100,67
102,67
106,67
108,67
110,67
145,67
59,68
60,68
62,68
63,68
67,68
69,68
70,68
71,68
73,68
74,68
75,68
76,68
80,68
81,68
82,68
219,68
229,68
232,68
243,68
245,68
246,68
247,68
249,68
30,69
59,69
60,69
64,69
65,69
66,69
67,69
70,69
71,69
72,69
73,69
74,69
77,69
78,69
80,69
81,69
82,69
107,69
145,69
219,69
30,70
59,70
60,70
61,70
62,70
63,70
65,70
69,70
71,70
72,70
75,70
76,70
77,70
78,70
79,70
187,70
207,70
210,70
215,70
219,70
222,70
59,71
62,71
63,71
64,71
65,71
68,71
69,71
70,71
72,71
73,71
74,71
76,71
77,71
78,71
79,71
80,71
81,71
82,71
145,71
219,71
231,71
59,72
60,72
61,72
63,72
64,72
65,72
69,72
70,72
71,72
73,72
74,72
75,72
77,72
78,72
79,72
80,72
81,72
82,72
154,72
219,72
60,73
62,73
63,73
65,73
67,73
68,73
69,73
71,73
75,73
76,73
77,73
78,73
79,73
80,73
81,73
82,73
5,74
19,74
22,74
23,74
30,74
59,74
60,74
61,74
63,74
65,74
66,74
67,74
68,74
69,74
70,74
71,74
72,74
73,74
75,74
76,74
77,74
78,74
80,74
81,74
82,74
145,74
206,74
231,74
239,74
24,75
59,75
63,75
65,75
66,75
67,75
68,75
69,75
71,75
72,75
73,75
74,75
76,75
77,75
79,75
80,75
81,75
96,75
104,75
117,75
118,75
126,75
135,75
145,75
219,75
223,75
30,76
31,76
35,76
37,76
38,76
39,76
43,76
54,76
60,76
61,76
63,76
66,76
69,76
70,76
72,76
73,76
75,76
77,76
78,76
79,76
80,76
145,76
227,76
30,77
59,77
60,77
61,77
62,77
63,77
65,77
66,77
68,77
69,77
70,77
71,77
72,77
73,77
74,77
75,77
78,77
79,77
80,77
81,77
187,77
219,77
231,77
60,78
61,78
63,78
65,78
69,78
71,78
72,78
73,78
74,78
75,78
77,78
79,78
80,78
81,78
145,78
200,78
201,78
204,78
215,78
220,78
231,78
59,79
60,79
61,79
62,79
63,79
65,79
68,79
69,79
70,79
71,79
73,79
74,79
75,79
76,79
77,79
78,79
80,79
81,79
82,79
187,79
192,79
219,79
59,80
60,80
61,80
62,80
63,80
65,80
67,80
68,80
69,80
70,80
71,80
72,80
73,80
74,80
75,80
76,80
77,80
78,80
79,80
81,80
82,80
187,80
59,81
61,81
63,81
64,81
65,81
67,81
68,81
69,81
70,81
71,81
72,81
73,81
74,81
76,81
77,81
78,81
79,81
80,81
82,81
232,81
2,82
30,82
60,82
61,82
62,82
63,82
64,82
65,82
67,82
68,82
69,82
73,82
74,82
76,82
77,82
78,82
79,82
80,82
87,82
95,82
110,82
219,82
62,83
67,83
84,83
85,83
86,83
87,83
88,83
89,83
91,83
92,83
94,83
95,83
96,83
97,83
98,83
101,83
102,83
103,83
105,83
106,83
107,83
108,83
110,83
111,83
112,83
113,83
160,83
243,83
75,84
83,84
85,84
86,84
87,84
88,84
89,84
90,84
91,84
92,84
93,84
96,84
97,84
98,84
99,84
100,84
101,84
102,84
103,84
104,84
105,84
106,84
107,84
108,84
109,84
110,84
111,84
112,84
113,84
22,85
83,85
84,85
86,85
87,85
88,85
89,85
90,85
91,85
92,85
93,85
94,85
96,85
97,85
99,85
100,85
101,85
104,85
105,85
106,85
107,85
108,85
109,85
110,85
111,85
112,85
113,85
159,85
168,85
67,86
84,86
85,86
87,86
88,86
89,86
91,86
92,86
94,86
95,86
96,86
97,86
99,86
100,86
101,86
102,86
103,86
104,86
106,86
107,86
109,86
110,86
112,86
113,86
159,86
16,87
18,87
83,87
85,87
86,87
88,87
89,87
90,87
91,87
92,87
96,87
97,87
99,87
100,87
101,87
103,87
104,87
106,87
107,87
108,87
109,87
110,87
111,87
113,87
62,88
67,88
83,88
84,88
85,88
86,88
87,88
89,88
91,88
92,88
93,88
94,88
95,88
96,88
97,88
98,88
99,88
100,88
101,88
102,88
103,88
104,88
105,88
106,88
108,88
109,88
110,88
112,88
113,88
59,89
83,89
84,89
85,89
86,89
87,89
88,89
91,89
92,89
93,89
94,89
96,89
97,89
98,89
99,89
100,89
102,89
103,89
104,89
105,89
107,89
108,89
109,89
110,89
112,89
113,89
160,89
243,89
62,90
84,90
86,90
89,90
91,90
92,90
93,90
94,90
98,90
100,90
102,90
105,90
106,90
107,90
108,90
111,90
125,90
181,90
227,90
229,90
230,90
232,90
236,90
238,90
248,90
249,90
61,91
62,91
84,91
85,91
86,91
87,91
88,91
89,91
92,91
93,91
95,91
96,91
97,91
99,91
100,91
101,91
102,91
103,91
104,91
105,91
106,91
107,91
108,91
109,91
110,91
111,91
112,91
113,91
83,92
84,92
85,92
86,92
87,92
88,92
89,92
90,92
91,92
93,92
96,92
97,92
99,92
100,92
101,92
102,92
103,92
104,92
105,92
107,92
109,92
110,92
111,92
112,92
113,92
9,93
24,93
62,93
83,93
84,93
85,93
86,93
87,93
88,93
89,93
90,93
91,93
92,93
96,93
97,93
99,93
100,93
101,93
102,93
103,93
105,93
106,93
107,93
109,93
110,93
111,93
112,93
113,93
24,94
61,94
83,94
84,94
85,94
86,94
87,94
88,94
91,94
96,94
97,94
98,94
99,94
100,94
102,94
103,94
104,94
106,94
109,94
110,94
111,94
112,94
113,94
231,94
37,95
83,95
86,95
88,95
89,95
91,95
92,95
94,95
96,95
97,95
103,95
104,95
105,95
108,95
109,95
110,95
111,95
112,95
113,95
202,95
204,95
205,95
206,95
210,95
213,95
216,95
218,95
221,95
62,96
83,96
84,96
85,96
86,96
87,96
88,96
89,96
91,96
92,96
93,96
94,96
97,96
99,96
100,96
101,96
102,96
103,96
104,96
105,96
106,96
107,96
108,96
109,96
110,96
111,96
112,96
113,96
83,97
84,97
85,97
86,97
87,97
88,97
89,97
90,97
91,97
92,97
93,97
94,97
95,97
96,97
98,97
100,97
101,97
102,97
103,97
104,97
105,97
106,97
108,97
109,97
110,97
111,97
112,97
113,97
169,97
29,98
34,98
36,98
38,98
39,98
41,98
43,98
59,98
66,98
84,98
85,98
86,98
87,98
89,98
90,98
93,98
94,98
99,98
101,98
102,98
103,98
104,98
105,98
107,98
112,98
114,98
199,98
24,99
62,99
75,99
83,99
84,99
85,99
86,99
87,99
88,99
90,99
91,99
92,99
93,99
94,99
96,99
97,99
100,99
101,99
103,99
104,99
105,99
106,99
107,99
108,99
109,99
111,99
112,99
113,99
62,100
67,100
83,100
84,100
85,100
86,100
87,100
88,100
89,100
91,100
92,100
93,100
95,100
96,100
97,100
99,100
101,100
102,100
103,100
104,100
105,100
106,100
107,100
109,100
110,100
111,100
112,100
113,100
126,100
62,101
83,101
85,101
86,101
87,101
89,101
90,101
91,101
92,101
93,101
96,101
97,101
99,101
100,101
102,101
103,101
105,101
106,101
109,101
110,101
111,101
113,101
245,101
26,102
67,102
83,102
84,102
85,102
86,102
87,102
88,102
91,102
92,102
93,102
96,102
97,102
98,102
99,102
100,102
101,102
103,102
104,102
106,102
107,102
108,102
109,102
110,102
111,102
112,102
113,102
62,103
83,103
84,103
85,103
86,103
87,103
88,103
89,103
91,103
92,103
93,103
94,103
95,103
96,103
97,103
98,103
99,103
100,103
101,103
102,103
104,103
105,103
107,103
110,103
111,103
112,103
113,103
154,103
67,104
83,104
84,104
85,104
86,104
87,104
88,104
89,104
90,104
91,104
92,104
95,104
97,104
98,104
99,104
100,104
101,104
102,104
103,104
105,104
106,104
107,104
108,104
109,104
110,104
111,104
112,104
113,104
67,105
83,105
84,105
86,105
87,105
91,105
93,105
96,105
97,105
98,105
99,105
100,105
101,105
102,105
103,105
104,105
107,105
108,105
110,105
112,105
113,105
176,105
179,105
180,105
70,106
83,106
84,106
85,106
86,106
87,106
88,106
91,106
93,106
96,106
98,106
99,106
100,106
101,106
102,106
103,106
104,106
107,106
108,106
109,106
110,106
111,106
154,106
242,106
83,107
84,107
85,107
86,107
87,107
88,107
89,107
91,107
92,107
93,107
94,107
95,107
96,107
97,107
98,107
99,107
100,107
101,107
102,107
104,107
105,107
106,107
108,107
109,107
110,107
112,107
113,107
159,107
63,108
65,108
69,108
80,108
81,108
82,108
83,108
84,108
85,108
86,108
87,108
88,108
89,108
91,108
92,108
93,108
94,108
96,108
97,108
99,108
100,108
102,108
103,108
104,108
107,108
109,108
110,108
111,108
112,108
67,109
83,109
84,109
85,109
86,109
87,109
88,109
89,109
91,109
92,109
93,109
94,109
96,109
97,109
98,109
100,109
101,109
103,109
104,109
105,109
106,109
107,109
110,109
112,109
113,109
83,110
84,110
85,110
86,110
87,110
88,110
89,110
90,110
91,110
92,110
94,110
95,110
96,110
99,110
100,110
101,110
102,110
103,110
104,110
105,110
106,110
107,110
108,110
109,110
111,110
112,110
113,110
67,111
83,111
84,111
86,111
87,111
89,111
93,111
94,111
97,111
99,111
100,111
101,111
102,111
103,111
105,111
106,111
107,111
108,111
109,111
112,111
113,111
116,111
119,111
137,111
154,111
243,111
27,112
62,112
67,112
83,112
85,112
86,112
87,112
88,112
89,112
91,112
92,112
93,112
94,112
96,112
97,112
98,112
99,112
101,112
102,112
103,112
104,112
106,112
107,112
108,112
109,112
110,112
111,112
113,112
61,113
83,113
84,113
85,113
86,113
87,113
88,113
89,113
92,113
93,113
94,113
96,113
97,113
98,113
99,113
101,113
103,113
104,113
105,113
106,113
107,113
108,113
109,113
110,113
111,113
112,113
10,114
45,114
87,114
116,114
117,114
118,114
119,114
120,114
122,114
123,114
124,114
125,114
126,114
127,114
128,114
129,114
131,114
132,114
133,114
135,114
136,114
137,114
138,114
139,114
141,114
142,114
143,114
173,114
236,114
10,115
114,115
116,115
118,115
119,115
120,115
121,115
122,115
123,115
124,115
125,115
126,115
128,115
129,115
131,115
132,115
133,115
134,115
135,115
136,115
137,115
138,115
139,115
140,115
141,115
143,115
232,115
239,115
240,115
242,115
243,115
245,115
250,115
10,116
56,116
114,116
115,116
117,116
118,116
119,116
120,116
121,116
122,116
124,116
125,116
126,116
127,116
128,116
129,116
130,116
133,116
134,116
135,116
136,116
137,116
140,116
141,116
142,116
143,116
185,116
31,117
114,117
115,117
116,117
118,117
119,117
120,117
121,117
122,117
123,117
124,117
125,117
126,117
127,117
128,117
131,117
132,117
133,117
134,117
135,117
137,117
139,117
140,117
141,117
142,117
143,117
236,117
56,118
114,118
115,118
116,118
117,118
120,118
121,118
122,118
123,118
124,118
125,118
126,118
127,118
128,118
129,118
130,118
131,118
132,118
133,118
134,118
135,118
136,118
137,118
139,118
141,118
142,118
143,118
152,118
114,119
115,119
116,119
117,119
118,119
120,119
121,119
122,119
123,119
124,119
125,119
126,119
127,119
128,119
129,119
130,119
131,119
133,119
134,119
136,119
137,119
139,119
141,119
142,119
143,119
245,119
10,120
26,120
114,120
115,120
116,120
117,120
118,120
119,120
121,120
122,120
124,120
126,120
127,120
128,120
129,120
130,120
131,120
132,120
133,120
135,120
136,120
139,120
141,120
142,120
143,120
10,121
31,121
105,121
114,121
115,121
116,121
117,121
118,121
119,121
120,121
124,121
125,121
126,121
127,121
128,121
129,121
131,121
133,121
134,121
135,121
136,121
137,121
138,121
141,121
142,121
143,121
152,121
67,122
100,122
112,122
114,122
116,122
118,122
119,122
120,122
124,122
126,122
127,122
128,122
129,122
130,122
131,122
132,122
134,122
135,122
136,122
137,122
141,122
173,122
10,123
15,123
21,123
24,123
26,123
27,123
28,123
45,123
115,123
117,123
118,123
120,123
121,123
124,123
126,123
127,123
128,123
129,123
130,123
131,123
132,123
133,123
134,123
135,123
136,123
137,123
138,123
141,123
142,123
173,123
4,124
10,124
18,124
31,124
45,124
114,124
116,124
118,124
119,124
120,124
122,124
123,124
125,124
126,124
127,124
128,124
130,124
131,124
133,124
134,124
135,124
136,124
137,124
139,124
141,124
142,124
143,124
114,125
115,125
116,125
117,125
118,125
119,125
120,125
121,125
123,125
126,125
127,125
128,125
130,125
131,125
132,125
135,125
136,125
141,125
142,125
170,125
173,125
226,125
228,125
235,125
241,125
243,125
114,126
115,126
116,126
117,126
118,126
119,126
120,126
121,126
122,126
123,126
124,126
127,126
128,126
129,126
130,126
131,126
132,126
133,126
134,126
135,126
136,126
137,126
139,126
141,126
142,126
143,126
173,126
213,126
243,126
56,127
87,127
114,127
116,127
117,127
118,127
119,127
120,127
121,127
124,127
125,127
126,127
128,127
129,127
130,127
131,127
133,127
134,127
135,127
136,127
137,127
138,127
139,127
141,127
142,127
143,127
236,127
84,128
114,128
116,128
118,128
119,128
120,128
121,128
123,128
124,128
125,128
126,128
127,128
129,128
130,128
131,128
132,128
133,128
135,128
136,128
137,128
141,128
142,128
143,128
152,128
176,128
235,128
56,129
114,129
116,129
117,129
118,129
119,129
120,129
121,129
122,129
123,129
124,129
125,129
126,129
127,129
128,129
131,129
133,129
135,129
136,129
137,129
138,129
141,129
142,129
143,129
225,129
10,130
43,130
114,130
117,130
118,130
119,130
120,130
122,130
123,130
125,130
127,130
128,130
131,130
132,130
133,130
135,130
137,130
139,130
140,130
141,130
142,130
143,130
173,130
202,130
217,130
221,130
236,130
245,130
56,131
114,131
116,131
117,131
118,131
119,131
120,131
121,131
122,131
123,131
124,131
125,131
126,131
127,131
128,131
129,131
130,131
133,131
134,131
135,131
136,131
137,131
139,131
140,131
142,131
143,131
3,132
10,132
11,132
12,132
14,132
20,132
21,132
23,132
25,132
26,132
28,132
111,132
114,132
117,132
119,132
120,132
123,132
124,132
125,132
126,132
127,132
128,132
131,132
133,132
134,132
135,132
137,132
155,132
160,132
162,132
169,132
173,132
176,132
10,133
116,133
117,133
118,133
119,133
120,133
121,133
122,133
123,133
124,133
125,133
126,133
127,133
128,133
130,133
131,133
135,133
136,133
137,133
139,133
141,133
142,133
143,133
213,133
10,134
56,134
114,134
116,134
117,134
118,134
121,134
122,134
125,134
126,134
127,134
130,134
131,134
137,134
141,134
142,134
148,134
150,134
151,134
158,134
166,134
167,134
168,134
169,134
208,134
10,135
75,135
114,135
115,135
116,135
117,135
118,135
119,135
120,135
121,135
122,135
123,135
124,135
125,135
126,135
127,135
128,135
129,135
130,135
131,135
136,135
137,135
138,135
140,135
141,135
142,135
143,135
173,135
213,135
114,136
115,136
116,136
117,136
118,136
119,136
120,136
121,136
123,136
124,136
125,136
126,136
127,136
128,136
129,136
130,136
131,136
133,136
135,136
137,136
139,136
140,136
141,136
142,136
143,136
31,137
45,137
114,137
115,137
116,137
117,137
118,137
119,137
121,137
122,137
123,137
124,137
125,137
126,137
127,137
128,137
129,137
130,137
131,137
132,137
133,137
134,137
135,137
136,137
140,137
141,137
142,137
143,137
152,137
173,137
220,137
236,137
243,137
4,138
11,138
126,138
129,138
131,138
132,138
139,138
140,138
142,138
144,138
147,138
148,138
166,138
168,138
178,138
223,138
225,138
226,138
235,138
238,138
114,139
115,139
117,139
118,139
119,139
120,139
121,139
124,139
125,139
126,139
127,139
129,139
130,139
131,139
132,139
133,139
135,139
136,139
137,139
138,139
141,139
142,139
143,139
152,139
224,139
225,139
240,139
241,139
244,139
45,140
56,140
114,140
115,140
116,140
119,140
120,140
123,140
124,140
126,140
127,140
128,140
129,140
132,140
133,140
134,140
137,140
139,140
142,140
143,140
150,140
157,140
158,140
160,140
161,140
162,140
164,140
165,140
166,140
169,140
170,140
31,141
114,141
115,141
116,141
117,141
118,141
119,141
120,141
121,141
122,141
123,141
124,141
125,141
126,141
127,141
128,141
129,141
130,141
131,141
132,141
133,141
134,141
135,141
136,141
137,141
139,141
140,141
142,141
143,141
10,142
56,142
75,142
114,142
115,142
116,142
117,142
118,142
119,142
120,142
121,142
123,142
124,142
125,142
126,142
127,142
128,142
129,142
130,142
131,142
133,142
135,142
136,142
137,142
139,142
140,142
143,142
173,142
208,142
220,142
221,142
43,143
45,143
114,143
115,143
116,143
117,143
118,143
119,143
120,143
121,143
122,143
123,143
124,143
125,143
126,143
127,143
129,143
130,143
131,143
132,143
133,143
134,143
135,143
136,143
137,143
139,143
141,143
142,143
213,143
61,144
138,144
145,144
148,144
150,144
151,144
152,144
153,144
154,144
155,144
156,144
157,144
158,144
159,144
160,144
162,144
163,144
164,144
165,144
166,144
167,144
168,144
169,144
170,144
61,145
72,145
76,145
79,145
80,145
81,145
82,145
144,145
148,145
151,145
152,145
155,145
156,145
157,145
158,145
160,145
162,145
167,145
231,145
11,146
12,146
16,146
17,146
22,146
99,146
130,146
138,146
140,146
144,146
145,146
147,146
149,146
150,146
151,146
152,146
153,146
154,146
155,146
156,146
157,146
158,146
161,146
162,146
163,146
164,146
166,146
168,146
170,146
182,146
138,147
144,147
149,147
150,147
151,147
153,147
154,147
155,147
156,147
158,147
159,147
160,147
161,147
162,147
163,147
164,147
165,147
167,147
168,147
169,147
170,147
206,147
210,147
41,148
56,148
134,148
140,148
144,148
147,148
149,148
150,148
151,148
153,148
154,148
155,148
156,148
157,148
158,148
159,148
160,148
161,148
162,148
163,148
164,148
165,148
167,148
168,148
169,148
196,148
144,149
146,149
147,149
148,149
150,149
151,149
152,149
153,149
154,149
155,149
157,149
158,149
160,149
161,149
162,149
163,149
164,149
165,149
166,149
167,149
168,149
169,149
182,149
66,150
140,150
144,150
145,150
146,150
147,150
148,150
149,150
151,150
153,150
154,150
155,150
157,150
158,150
159,150
160,150
162,150
163,150
164,150
165,150
166,150
167,150
168,150
170,150
182,150
54,151
138,151
140,151
144,151
145,151
146,151
147,151
148,151
149,151
150,151
152,151
153,151
154,151
155,151
158,151
160,151
161,151
162,151
163,151
164,151
165,151
166,151
167,151
168,151
169,151
170,151
227,151
117,152
118,152
122,152
127,152
128,152
134,152
140,152
143,152
146,152
147,152
148,152
149,152
150,152
151,152
153,152
154,152
157,152
158,152
159,152
160,152
161,152
163,152
165,152
166,152
167,152
168,152
170,152
61,153
134,153
144,153
146,153
148,153
149,153
150,153
151,153
152,153
154,153
155,153
157,153
158,153
159,153
160,153
161,153
162,153
163,153
164,153
165,153
166,153
167,153
168,153
169,153
2,154
4,154
5,154
11,154
14,154
18,154
19,154
21,154
25,154
28,154
94,154
111,154
134,154
142,154
144,154
145,154
146,154
147,154
150,154
151,154
153,154
158,154
159,154
160,154
161,154
163,154
164,154
167,154
168,154
205,154
4,155
31,155
38,155
41,155
45,155
50,155
54,155
61,155
144,155
146,155
147,155
148,155
149,155
150,155
151,155
152,155
157,155
158,155
159,155
160,155
161,155
162,155
164,155
165,155
166,155
167,155
169,155
170,155
14,156
44,156
140,156
144,156
147,156
148,156
150,156
151,156
153,156
158,156
164,156
165,156
166,156
169,156
171,156
172,156
176,156
177,156
180,156
185,156
186,156
193,156
197,156
227,156
140,157
144,157
146,157
147,157
148,157
149,157
150,157
151,157
152,157
153,157
155,157
158,157
159,157
160,157
161,157
162,157
163,157
164,157
165,157
167,157
169,157
170,157
144,158
145,158
146,158
147,158
148,158
149,158
150,158
151,158
152,158
153,158
156,158
157,158
160,158
161,158
162,158
163,158
164,158
165,158
166,158
169,158
170,158
12,159
13,159
23,159
24,159
59,159
92,159
102,159
104,159
146,159
147,159
149,159
150,159
151,159
152,159
154,159
155,159
156,159
157,159
158,159
162,159
169,159
170,159
196,159
227,159
231,159
140,160
144,160
146,160
147,160
148,160
149,160
150,160
151,160
152,160
153,160
155,160
156,160
157,160
158,160
161,160
162,160
163,160
164,160
166,160
167,160
169,160
170,160
196,160
221,160
3,161
18,161
19,161
21,161
54,161
61,161
144,161
148,161
149,161
151,161
153,161
159,161
160,161
162,161
163,161
164,161
166,161
168,161
91,162
103,162
144,162
146,162
147,162
148,162
149,162
150,162
152,162
153,162
156,162
157,162
158,162
160,162
161,162
163,162
164,162
165,162
166,162
167,162
168,162
169,162
170,162
231,162
144,163
145,163
146,163
148,163
149,163
150,163
151,163
152,163
153,163
154,163
155,163
157,163
158,163
160,163
161,163
162,163
164,163
166,163
167,163
168,163
169,163
170,163
132,164
140,164
144,164
146,164
147,164
148,164
149,164
150,164
151,164
152,164
153,164
154,164
156,164
157,164
158,164
159,164
160,164
161,164
162,164
163,164
165,164
166,164
167,164
168,164
169,164
170,164
231,164
132,165
134,165
144,165
146,165
147,165
148,165
150,165
151,165
152,165
153,165
154,165
155,165
157,165
158,165
159,165
160,165
161,165
162,165
163,165
164,165
166,165
167,165
169,165
182,165
183,165
196,165
142,166
147,166
148,166
149,166
150,166
152,166
153,166
154,166
155,166
157,166
158,166
160,166
161,166
163,166
164,166
167,166
169,166
170,166
182,166
231,166
140,167
144,167
146,167
147,167
149,167
150,167
151,167
152,167
153,167
154,167
155,167
156,167
157,167
158,167
159,167
160,167
161,167
162,167
163,167
164,167
165,167
166,167
168,167
169,167
170,167
47,168
138,168
140,168
146,168
147,168
149,168
150,168
151,168
153,168
157,168
158,168
159,168
160,168
161,168
162,168
163,168
165,168
169,168
170,168
227,168
144,169
147,169
148,169
149,169
150,169
151,169
152,169
153,169
155,169
157,169
158,169
160,169
161,169
162,169
163,169
164,169
165,169
167,169
170,169
227,169
231,169
138,170
146,170
147,170
148,170
150,170
151,170
152,170
153,170
155,170
157,170
158,170
159,170
160,170
162,170
163,170
164,170
165,170
166,170
167,170
168,170
169,170
90,171
156,171
172,171
173,171
176,171
179,171
180,171
182,171
190,171
191,171
195,171
197,171
198,171
217,171
17,172
171,172
180,172
181,172
182,172
183,172
184,172
185,172
186,172
187,172
189,172
192,172
193,172
195,172
197,172
198,172
114,173
115,173
118,173
121,173
124,173
127,173
130,173
133,173
136,173
143,173
171,173
172,173
175,173
179,173
186,173
188,173
190,173
193,173
194,173
195,173
197,173
17,174
71,174
81,174
172,174
177,174
180,174
181,174
182,174
184,174
185,174
189,174
190,174
192,174
193,174
194,174
195,174
197,174
198,174
171,175
177,175
179,175
181,175
182,175
183,175
184,175
185,175
189,175
190,175
191,175
192,175
194,175
196,175
197,175
198,175
250,175
19,176
21,176
23,176
174,176
178,176
179,176
180,176
181,176
182,176
183,176
187,176
188,176
190,176
197,176
217,176
56,177
171,177
172,177
174,177
178,177
179,177
180,177
181,177
182,177
184,177
185,177
186,177
189,177
190,177
191,177
192,177
197,177
14,178
17,178
90,178
171,178
172,178
173,178
174,178
175,178
180,178
181,178
183,178
184,178
185,178
187,178
188,178
191,178
192,178
194,178
195,178
197,178
231,178
105,179
171,179
172,179
174,179
175,179
176,179
180,179
183,179
184,179
185,179
186,179
187,179
188,179
189,179
191,179
192,179
194,179
198,179
17,180
171,180
172,180
175,180
177,180
178,180
181,180
182,180
188,180
190,180
191,180
192,180
194,180
195,180
196,180
198,180
213,180
74,181
174,181
176,181
177,181
179,181
180,181
182,181
184,181
185,181
186,181
187,181
189,181
192,181
193,181
195,181
196,181
197,181
198,181
150,182
152,182
171,182
178,182
180,182
181,182
184,182
185,182
189,182
190,182
193,182
194,182
195,182
196,182
197,182
198,182
227,182
17,183
40,183
156,183
173,183
174,183
175,183
177,183
180,183
181,183
185,183
186,183
187,183
188,183
189,183
192,183
197,183
198,183
171,184
172,184
174,184
175,184
176,184
177,184
178,184
179,184
180,184
181,184
182,184
183,184
186,184
189,184
190,184
192,184
195,184
196,184
217,184
140,185
171,185
172,185
175,185
177,185
178,185
184,185
186,185
188,185
189,185
190,185
192,185
193,185
195,185
197,185
3,186
4,186
171,186
175,186
176,186
177,186
179,186
180,186
183,186
185,186
187,186
188,186
189,186
192,186
196,186
197,186
18,187
59,187
65,187
67,187
71,187
77,187
81,187
97,187
174,187
175,187
179,187
180,187
181,187
182,187
183,187
185,187
189,187
192,187
193,187
194,187
195,187
197,187
34,188
172,188
173,188
174,188
177,188
178,188
179,188
181,188
182,188
183,188
184,188
187,188
189,188
190,188
191,188
192,188
193,188
194,188
195,188
197,188
60,189
171,189
172,189
174,189
175,189
178,189
179,189
180,189
181,189
182,189
184,189
185,189
186,189
187,189
190,189
192,189
193,189
195,189
196,189
197,189
209,189
14,190
165,190
171,190
172,190
174,190
175,190
180,190
181,190
185,190
186,190
189,190
191,190
192,190
195,190
197,190
217,190
1,191
4,191
5,191
6,191
8,191
9,191
13,191
20,191
21,191
23,191
24,191
26,191
27,191
28,191
50,191
92,191
123,191
132,191
161,191
177,191
181,191
183,191
187,191
188,191
189,191
195,191
196,191
14,192
56,192
60,192
67,192
72,192
74,192
79,192
129,192
167,192
171,192
179,192
181,192
183,192
185,192
187,192
188,192
190,192
171,193
172,193
173,193
177,193
178,193
180,193
181,193
185,193
187,193
188,193
189,193
190,193
191,193
192,193
194,193
195,193
198,193
34,194
49,194
50,194
53,194
55,194
56,194
76,194
148,194
171,194
175,194
180,194
181,194
182,194
184,194
185,194
188,194
189,194
190,194
192,194
198,194
156,195
172,195
173,195
175,195
177,195
178,195
180,195
183,195
184,195
185,195
186,195
189,195
192,195
197,195
250,195
40,196
145,196
148,196
153,196
155,196
161,196
165,196
171,196
173,196
177,196
178,196
179,196
186,196
187,196
190,196
192,196
193,196
194,196
195,196
171,197
172,197
175,197
176,197
178,197
179,197
181,197
184,197
187,197
188,197
189,197
190,197
192,197
193,197
195,197
198,197
172,198
174,198
175,198
176,198
178,198
180,198
182,198
184,198
187,198
188,198
190,198
192,198
194,198
195,198
197,198
209,198
213,198
217,198
3,199
31,199
46,199
49,199
59,199
70,199
200,199
201,199
202,199
203,199
204,199
206,199
208,199
210,199
211,199
212,199
213,199
214,199
215,199
216,199
218,199
220,199
3,200
8,200
27,200
47,200
95,200
199,200
201,200
202,200
203,200
204,200
205,200
206,200
207,200
208,200
209,200
210,200
211,200
212,200
213,200
214,200
215,200
216,200
217,200
218,200
220,200
221,200
222,200
47,201
199,201
200,201
202,201
203,201
204,201
205,201
206,201
208,201
209,201
210,201
211,201
212,201
214,201
215,201
216,201
217,201
218,201
221,201
222,201
3,202
37,202
89,202
95,202
199,202
200,202
201,202
203,202
204,202
205,202
206,202
207,202
210,202
211,202
212,202
214,202
215,202
216,202
218,202
219,202
220,202
221,202
222,202
70,203
95,203
199,203
201,203
202,203
204,203
205,203
206,203
207,203
208,203
209,203
210,203
211,203
212,203
213,203
214,203
215,203
216,203
217,203
218,203
219,203
220,203
221,203
222,203
242,203
37,204
200,204
201,204
202,204
203,204
205,204
206,204
207,204
208,204
210,204
211,204
212,204
213,204
214,204
215,204
216,204
217,204
218,204
219,204
220,204
221,204
222,204
37,205
70,205
199,205
200,205
201,205
202,205
203,205
204,205
206,205
207,205
208,205
209,205
211,205
212,205
213,205
214,205
215,205
216,205
217,205
218,205
219,205
221,205
222,205
3,206
8,206
70,206
199,206
200,206
201,206
202,206
203,206
204,206
205,206
207,206
208,206
210,206
211,206
212,206
214,206
215,206
216,206
217,206
218,206
221,206
222,206
230,206
78,207
95,207
153,207
199,207
200,207
201,207
203,207
204,207
205,207
206,207
208,207
211,207
212,207
214,207
215,207
216,207
217,207
218,207
221,207
222,207
230,207
37,208
47,208
117,208
142,208
147,208
199,208
200,208
201,208
202,208
203,208
204,208
205,208
207,208
209,208
210,208
211,208
212,208
213,208
214,208
215,208
216,208
217,208
218,208
220,208
221,208
230,208
5,209
16,209
37,209
188,209
199,209
200,209
202,209
204,209
205,209
207,209
210,209
211,209
213,209
214,209
218,209
221,209
222,209
8,210
47,210
199,210
200,210
201,210
202,210
203,210
204,210
205,210
206,210
207,210
208,210
209,210
211,210
212,210
213,210
214,210
215,210
216,210
217,210
218,210
219,210
220,210
221,210
222,210
37,211
199,211
200,211
201,211
202,211
203,211
204,211
205,211
206,211
207,211
208,211
209,211
210,211
212,211
213,211
214,211
216,211
217,211
218,211
219,211
221,211
222,211
14,212
37,212
199,212
200,212
201,212
202,212
203,212
204,212
205,212
206,212
207,212
209,212
210,212
211,212
213,212
214,212
215,212
216,212
217,212
218,212
219,212
220,212
221,212
222,212
47,213
95,213
120,213
124,213
132,213
199,213
200,213
201,213
202,213
203,213
205,213
207,213
208,213
209,213
210,213
214,213
216,213
218,213
220,213
221,213
222,213
242,213
3,214
70,214
200,214
201,214
202,214
203,214
204,214
205,214
206,214
207,214
208,214
209,214
210,214
211,214
212,214
213,214
215,214
216,214
217,214
218,214
220,214
221,214
222,214
37,215
129,215
199,215
200,215
201,215
202,215
203,215
204,215
205,215
206,215
207,215
208,215
210,215
212,215
213,215
214,215
216,215
217,215
218,215
219,215
220,215
221,215
222,215
8,216
47,216
95,216
130,216
199,216
200,216
201,216
202,216
203,216
204,216
205,216
206,216
207,216
208,216
209,216
210,216
211,216
212,216
213,216
214,216
215,216
217,216
218,216
221,216
222,216
171,217
175,217
177,217
179,217
182,217
191,217
199,217
200,217
202,217
203,217
206,217
209,217
210,217
211,217
212,217
214,217
215,217
218,217
219,217
221,217
222,217
37,218
95,218
199,218
200,218
201,218
202,218
204,218
205,218
206,218
207,218
208,218
210,218
211,218
212,218
213,218
214,218
215,218
216,218
217,218
220,218
221,218
222,218
3,219
24,219
63,219
65,219
69,219
73,219
74,219
76,219
78,219
79,219
81,219
95,219
199,219
200,219
203,219
205,219
206,219
207,219
209,219
210,219
211,219
212,219
215,219
220,219
222,219
37,220
120,220
122,220
124,220
135,220
136,220
143,220
147,220
199,220
200,220
202,220
203,220
204,220
205,220
206,220
208,220
210,220
211,220
212,220
213,220
215,220
216,220
217,220
221,220
222,220
70,221
95,221
152,221
201,221
202,221
203,221
204,221
205,221
206,221
208,221
209,221
210,221
211,221
213,221
214,221
215,221
216,221
218,221
219,221
220,221
222,221
6,222
95,222
176,222
199,222
200,222
201,222
202,222
203,222
204,222
205,222
206,222
207,222
208,222
209,222
210,222
211,222
212,222
213,222
214,222
215,222
216,222
217,222
218,222
220,222
221,222
9,223
16,223
65,223
69,223
125,223
224,223
225,223
226,223
228,223
230,223
232,223
234,223
235,223
238,223
239,223
240,223
241,223
242,223
243,223
245,223
246,223
247,223
248,223
250,223
138,224
223,224
227,224
228,224
229,224
230,224
231,224
232,224
233,224
235,224
236,224
237,224
238,224
239,224
240,224
241,224
242,224
244,224
245,224
246,224
247,224
248,224
250,224
64,225
90,225
119,225
125,225
138,225
139,225
140,225
223,225
224,225
226,225
227,225
228,225
229,225
230,225
232,225
233,225
235,225
237,225
238,225
240,225
242,225
243,225
244,225
245,225
246,225
247,225
248,225
249,225
250,225
64,226
115,226
138,226
223,226
224,226
225,226
227,226
228,226
229,226
230,226
232,226
233,226
234,226
236,226
237,226
238,226
239,226
240,226
241,226
242,226
243,226
244,226
245,226
247,226
248,226
249,226
29,227
32,227
46,227
49,227
51,227
55,227
58,227
64,227
98,227
149,227
155,227
163,227
225,227
226,227
228,227
229,227
231,227
232,227
234,227
235,227
237,227
238,227
239,227
242,227
243,227
244,227
248,227
250,227
90,228
115,228
225,228
226,228
229,228
230,228
232,228
233,228
235,228
238,228
239,228
240,228
241,228
242,228
243,228
245,228
246,228
247,228
248,228
249,228
250,228
16,229
90,229
139,229
223,229
224,229
225,229
226,229
228,229
230,229
232,229
233,229
234,229
235,229
236,229
237,229
239,229
240,229
241,229
242,229
244,229
245,229
246,229
248,229
249,229
250,229
125,230
224,230
225,230
226,230
232,230
233,230
234,230
235,230
237,230
239,230
240,230
241,230
242,230
244,230
245,230
246,230
247,230
248,230
249,230
250,230
37,231
63,231
68,231
75,231
77,231
81,231
125,231
139,231
150,231
151,231
157,231
159,231
162,231
166,231
167,231
168,231
226,231
234,231
235,231
237,231
240,231
241,231
242,231
243,231
245,231
246,231
247,231
248,231
249,231
250,231
60,232
62,232
63,232
72,232
90,232
101,232
223,232
224,232
225,232
228,232
229,232
230,232
231,232
234,232
235,232
236,232
237,232
238,232
239,232
240,232
243,232
244,232
245,232
246,232
247,232
248,232
249,232
250,232
115,233
138,233
223,233
225,233
226,233
227,233
228,233
229,233
232,233
236,233
237,233
238,233
239,233
240,233
241,233
243,233
244,233
245,233
246,233
247,233
248,233
249,233
250,233
68,234
139,234
223,234
224,234
225,234
226,234
227,234
228,234
229,234
230,234
233,234
235,234
236,234
237,234
238,234
239,234
240,234
241,234
242,234
243,234
244,234
245,234
247,234
248,234
249,234
250,234
90,235
120,235
122,235
139,235
223,235
224,235
225,235
226,235
227,235
229,235
230,235
232,235
233,235
234,235
236,235
237,235
238,235
239,235
240,235
241,235
242,235
243,235
244,235
245,235
247,235
248,235
249,235
250,235
128,236
138,236
223,236
224,236
226,236
227,236
229,236
231,236
232,236
233,236
235,236
238,236
239,236
240,236
241,236
242,236
243,236
245,236
246,236
247,236
249,236
250,236
64,237
125,237
215,237
223,237
224,237
225,237
226,237
227,237
228,237
229,237
232,237
233,237
234,237
236,237
238,237
239,237
240,237
241,237
242,237
243,237
244,237
246,237
247,237
248,237
249,237
250,237
138,238
139,238
215,238
223,238
224,238
225,238
228,238
229,238
232,238
233,238
234,238
235,238
236,238
237,238
239,238
240,238
241,238
242,238
243,238
244,238
245,238
247,238
248,238
250,238
35,239
61,239
75,239
115,239
223,239
224,239
226,239
227,239
228,239
229,239
231,239
232,239
233,239
234,239
235,239
236,239
237,239
238,239
240,239
241,239
242,239
243,239
246,239
247,239
248,239
249,239
250,239
16,240
64,240
139,240
201,240
207,240
214,240
216,240
223,240
225,240
226,240
228,240
229,240
230,240
232,240
233,240
234,240
237,240
238,240
239,240
242,240
243,240
245,240
246,240
247,240
249,240
9,241
115,241
223,241
225,241
226,241
227,241
228,241
229,241
230,241
231,241
232,241
233,241
235,241
237,241
238,241
239,241
240,241
242,241
243,241
244,241
245,241
246,241
247,241
248,241
249,241
250,241
6,242
16,242
28,242
64,242
223,242
224,242
225,242
227,242
228,242
229,242
230,242
232,242
233,242
234,242
235,242
240,242
241,242
244,242
245,242
247,242
248,242
249,242
250,242
38,243
68,243
111,243
120,243
124,243
135,243
136,243
137,243
139,243
223,243
225,243
226,243
227,243
228,243
229,243
230,243
232,243
233,243
234,243
235,243
236,243
237,243
238,243
240,243
241,243
244,243
245,243
246,243
247,243
249,243
250,243
115,244
225,244
226,244
228,244
229,244
232,244
234,244
235,244
236,244
237,244
238,244
239,244
240,244
241,244
242,244
243,244
245,244
247,244
249,244
250,244
37,245
64,245
90,245
118,245
121,245
138,245
215,245
223,245
224,245
225,245
226,245
228,245
229,245
230,245
232,245
233,245
234,245
235,245
236,245
237,245
238,245
239,245
241,245
244,245
246,245
247,245
248,245
249,245
250,245
9,246
16,246
64,246
68,246
90,246
125,246
224,246
225,246
228,246
229,246
230,246
232,246
233,246
234,246
235,246
236,246
237,246
238,246
239,246
241,246
245,246
248,246
249,246
250,246
18,247
223,247
224,247
226,247
227,247
228,247
229,247
230,247
232,247
233,247
234,247
235,247
236,247
237,247
239,247
240,247
241,247
243,247
244,247
245,247
246,247
248,247
64,248
223,248
224,248
225,248
226,248
227,248
228,248
229,248
230,248
232,248
234,248
235,248
237,248
238,248
240,248
241,248
243,248
244,248
245,248
246,248
247,248
249,248
138,249
224,249
225,249
226,249
229,249
230,249
233,249
234,249
235,249
236,249
238,249
239,249
240,249
241,249
243,249
244,249
245,249
246,249
247,249
248,249
250,249
64,250
115,250
138,250
139,250
172,250
175,250
189,250
223,250
225,250
226,250
228,250
230,250
231,250
234,250
235,250
236,250
238,250
239,250
240,250
243,250
244,250
245,250
246,250
247,250
248,250
249,250
